# JP readings with repeated-kana (ambiguous split — left for human review).
1207986295872
1212840605414
1212841705757
1215944997698
1217250699119
1227784829721
1227784862283
1228137348553
1243667363107
1243765823872
1243766312569
1243812108228
1243855681576
1254055522963
1254055564691
1254055622967
1254055734198
1254405455391
1309514859735
1309515289948
1309515748574
1310564246113
1318749709708
1320242066690
1320320706488
1320509575440
1320921826606
1321079410848
1321714048942
1321967298988
1322135025914
1322137710841
1322145688526
1322488884330
1322650284816
1324698338918
1324990208133
1325509549474
1325568044486
1335907512428
1350360776419
1360923321070
1360926628259
1360937279413
1360941069473
1360944197697
1361107047640
1361173661260
1361265599871
1361342436440
1361431831683
1361459577132
1361779689607
1363071262807
1363704744799
1363885036799
1363924586426
1363970704373
1364463164815
1364625288992
1364747840360
1365087423463
1365089452932
1365171281012
1365222076202
1366512268917
1366513567375
1366609318420
1366769704361
1367335393545
1368950807552
1369027429805
1369112853624
1370852888028
1370940096775
1370945716755
1371022771775
1371132350085
1371137269381
1371137932370
1371138878750
1371180296319
1371186768241
1371188679363
1371445049634
1371445844026
1371446166718
1371484158801
1371527080810
1371532705137
1371651666760
1371786486296
1371794168356
1371797230678
1371905524671
1371908616968
1372066874119
1372067364420
1372147906772
1372172936079
1372233910480
1372343916329
1372399439960
1372402732083
1372404573285
1372407532779
1372409270064
1372409622518
1372580187732
1373178546245
1373475393367
1374390523692
1376671043854
1378626437899
1379062819963
1379682775996
1379688551803
1379688615970
1379753985579
1379754426891
1379761550676
1379761739207
1379839910930
1379841151071
1379854789732
1379937746963
1379937948502
1380041268173
1380042264238
1380128399403
1380129508918
1380129613436
1380134065254
1380208607462
1380208801042
1380209517180
1380209684228
1380365378979
1380371705400
1380371720142
1380373183320
1380373360624
1380373390033
1380373521725
1380373536473
1380478750249
1380478770918
1380479210421
1380479539650
1384514737896
1385982126517
1386861400835
1394808333607
1406728975962
1408182618178
1484739926178
1491029213509
1491029246010
1501682248577
1502278819169
1503718186730
1503724172059
1503726515561
1503764296950
1503805236101
1503805700211
1503805758498
1520939761888
1533046757149
1533221263020
1533221416777
1533221866359
1533398059804
1534856844691
1536420445076
1536420981345
1539875713515
1539876350623
1539876426223
1540133291301
1541171303039
1541597220082
1541862232364
1551883314045
1551958230222
1573825048708
1573825076771
1574165258631
1574174145051
1582468821316
1584687737936
1616222178813
1621148168684
1631769347204
1649600186323
1651246964214
1652855354234
1653496112436
1654358965438
1689088106601
